100
0 Bucuresti 44.42 26.10
1 Ploiesti 44.94 26.02
2 Brasov 45.64 25.58
3 Pitesti 44.85 24.86
4 Sibiu 45.79 24.12
5 Craiova 44.33 23.79
6 Ramnicu-Valcea 45.10 24.36
7 Drobeta-Turnu-Severin 44.63 22.65
8 Timisoara 45.74 21.20
9 Arad 46.18 21.31
10 Oradea 47.04 21.91
11 Cluj-Napoca 46.77 23.62
12 Targu-Mures 46.54 24.56
13 Alba-Iulia 46.06 23.57
14 Deva 45.87 22.90
15 Bacau 46.56 26.91
16 Iasi 47.15 27.60
17 Galati 45.43 28.03
18 Constanta 44.17 28.63
19 Buzau 45.15 26.82
20 Suceava 47.65 26.25
21 Piatra-Neamt 46.92 26.37
22 Focsani 45.69 27.18
23 Braila 45.26 27.95
24 Tulcea 45.17 28.78
25 Giurgiu 43.89 25.96
26 Alexandria 43.96 25.33
27 Slatina 44.43 24.34
28 Targu-Jiu 45.03 23.27
29 Resita 45.29 21.88
30 Satu-Mare 47.78 22.88
31 Baia-Mare 47.65 23.57
32 Bistrita 47.13 24.49
33 Zalau 47.19 23.05
34 Botosani 47.74 26.66
35 Vaslui 46.63 27.73
36 Barlad 46.22 27.66
37 Roman 46.92 26.92
38 Turda 46.56 23.78
39 Medias 46.16 24.35
40 Sighisoara 46.21 24.79
41 Lugoj 45.68 21.90
42 Petrosani 45.41 23.37
43 Hunedoara 45.75 22.91
44 Caransebes 45.41 22.21
45 Sighetu-Marmatiei 47.92 23.88
46 Campina 45.12 25.73
47 Sinaia 45.35 25.55
48 Mangalia 43.81 28.58
49 Navodari 44.32 28.61
50 Slobozia 44.56 27.36
51 Calarasi 44.19 27.33
52 Oltenita 44.08 26.63
53 Urziceni 44.71 26.64
54 Fetesti 44.41 27.82
55 Cernavoda 44.33 28.03
56 Medgidia 44.24 28.26
57 Techirghiol 44.05 28.59
58 Eforie-Nord 44.06 28.63
59 Costinesti 43.94 28.62
60 Neptun 43.87 28.60
61 Mioveni 44.95 24.93
62 Curtea-de-Arges 45.13 24.67
63 Moreni 44.98 25.64
64 Targoviste 44.92 25.45
65 Gaesti 44.71 25.31
66 Buftea 44.57 25.94
67 Otopeni 44.55 26.07
68 Voluntari 44.49 26.18
69 Pantelimon 44.44 26.21
70 Popesti-Leordeni 44.38 26.16
71 Jilava 44.33 26.07
72 Bragadiru 44.37 25.97
73 Magurele 44.34 26.02
74 Chitila 44.51 25.97
75 Mogosoaia 44.52 26.00
76 Snagov 44.70 26.17
77 Breaza 45.18 25.56
78 Busteni 45.41 25.53
79 Azuga 45.44 25.55
80 Predeal 45.50 25.57
81 Codlea 45.69 25.45
82 Rasnov 45.59 25.46
83 Zarnesti 45.56 25.33
84 Fagaras 45.84 24.97
85 Avrig 45.72 24.37
86 Talmaciu 45.66 24.26
87 Sebes 45.95 23.56
88 Cugir 45.84 23.36
89 Orastie 45.84 23.19
90 Simeria 45.85 23.01
91 Brad 46.12 22.78
92 Ineu 46.43 21.83
93 Salonta 46.80 21.65
94 Alesd 47.05 22.39
95 Beius 46.65 22.35
96 Stei 46.53 22.47
97 Marghita 47.34 22.32
98 Carei 47.68 22.46
99 Tasnad 47.47 22.58
0 1 60
1 2 115
2 3 140
3 0 115
3 6 60
6 4 100
4 13 70
13 11 100
11 12 110
11 10 150
10 9 120
9 8 50
8 14 150
14 7 115
7 6 115
6 5 120
5 0 230
1 19 100
19 15 190
15 16 130
19 17 190
17 18 190
18 0 225
16 20 150
20 34 40
34 35 180
35 36 50
36 22 80
22 23 35
23 24 90
0 25 65
25 26 60
26 27 80
27 28 110
28 29 150
29 8 100
30 31 60
31 45 65
45 32 100
32 33 85
33 11 80
0 67 15
67 66 15
66 64 50
64 61 40
61 3 20
2 80 25
80 79 5
79 78 5
78 47 10
47 46 25
46 1 35
80 81 20
81 84 60
84 40 50
40 39 40
39 4 50
4 85 25
85 87 90
87 13 15
13 88 40
88 89 20
89 90 15
90 14 15
14 91 40
91 95 60
95 96 15
96 10 90
10 94 40
94 38 100
38 11 30
11 33 80
33 97 60
97 99 30
99 98 25
98 30 35
0 53 60
53 50 70
50 51 40
51 52 60
52 0 60
50 54 50
54 55 15
55 56 25
56 18 35
18 49 20
49 48 30
48 57 25
57 58 5
58 59 15
59 60 10
